NbEtu 14
Cap 1 1 1 2 2 3 2 1 1 
0   ANDOIDE   4   12   7   8   0   10   2   13   9   11   1   6   3   5   
1   BIM   0   8   11   7   3   4   12   6   10   5   2   1   9   13   
2   DAC   0   9   2   5   7   8   1   13   3   4   6   11   12   10   
3   IMA   11   4   0   2   1   3   5   6   10   8   7   9   13   12   
4   RES   7   3   9   11   10   6   8   2   5   4   13   1   12   0   
5   SAR   0   1   5   11   8   6   9   7   12   13   2   3   4   10   
6   SESI   5   0   7   10   9   1   12   3   4   6   8   2   13   11   
7   SFPN   8   12   2   11   10   6   5   7   3   9   0   13   4   1   
8   STL   1   3   2   4   0   12   6   9   8   7   10   11   13   5   
