200
0   Etu0   4   0   1   7   8   5   6   3   2   
1   Etu1   3   8   0   5   2   6   4   1   7   
2   Etu2   6   7   5   4   1   8   2   3   0   
3   Etu3   3   7   8   0   1   2   4   6   5   
4   Etu4   5   1   4   7   2   0   8   3   6   
5   Etu5   5   2   6   8   3   1   4   7   0   
6   Etu6   8   2   4   0   7   5   1   6   3   
7   Etu7   6   2   5   0   8   7   1   3   4   
8   Etu8   7   6   2   5   0   1   8   4   3   
9   Etu9   1   3   2   6   7   4   8   0   5   
10   Etu10   8   3   2   0   1   4   5   7   6   
11   Etu11   4   5   6   8   7   2   1   3   0   
12   Etu12   5   0   4   6   7   2   3   8   1   
13   Etu13   2   3   5   4   8   0   6   1   7   
14   Etu14   3   1   7   5   2   6   0   8   4   
15   Etu15   1   0   5   7   4   6   2   3   8   
16   Etu16   2   1   4   3   7   5   0   6   8   
17   Etu17   0   3   8   6   5   2   4   1   7   
18   Etu18   6   4   5   0   7   8   1   2   3   
19   Etu19   5   1   6   8   4   3   7   2   0   
20   Etu20   2   0   4   6   1   5   3   8   7   
21   Etu21   3   7   1   0   6   5   2   4   8   
22   Etu22   4   0   2   3   1   6   8   7   5   
23   Etu23   6   1   8   4   5   7   2   0   3   
24   Etu24   5   8   4   0   2   7   1   3   6   
25   Etu25   1   8   2   0   6   7   5   4   3   
26   Etu26   8   3   7   1   5   6   2   0   4   
27   Etu27   4   8   2   6   7   5   3   0   1   
28   Etu28   3   6   7   2   0   4   1   8   5   
29   Etu29   7   4   6   8   2   5   0   3   1   
30   Etu30   5   4   3   6   0   7   2   1   8   
31   Etu31   8   2   1   5   7   4   6   0   3   
32   Etu32   2   0   4   6   8   3   1   5   7   
33   Etu33   5   7   6   1   3   2   8   4   0   
34   Etu34   5   3   2   7   0   8   6   1   4   
35   Etu35   0   4   2   7   3   8   6   1   5   
36   Etu36   8   3   2   7   5   1   0   4   6   
37   Etu37   4   7   2   5   8   1   3   6   0   
38   Etu38   1   3   7   2   4   6   5   0   8   
39   Etu39   5   1   4   8   6   7   0   2   3   
40   Etu40   8   2   4   1   0   7   5   6   3   
41   Etu41   2   6   5   0   4   7   1   3   8   
42   Etu42   0   6   2   4   3   1   8   7   5   
43   Etu43   0   2   8   5   3   6   4   7   1   
44   Etu44   1   5   7   8   2   4   3   0   6   
45   Etu45   8   2   1   7   4   5   6   0   3   
46   Etu46   5   1   7   8   4   3   6   0   2   
47   Etu47   4   3   5   2   6   8   7   1   0   
48   Etu48   3   1   4   2   8   7   6   5   0   
49   Etu49   6   4   2   0   5   1   3   8   7   
50   Etu50   2   8   0   4   7   1   5   3   6   
51   Etu51   8   1   4   7   2   5   6   0   3   
52   Etu52   8   4   5   7   6   1   0   3   2   
53   Etu53   2   6   8   0   5   3   4   1   7   
54   Etu54   1   8   5   3   0   7   2   6   4   
55   Etu55   4   7   2   6   5   0   3   1   8   
56   Etu56   5   6   0   2   1   4   7   8   3   
57   Etu57   2   1   6   3   5   0   4   7   8   
58   Etu58   3   1   8   0   5   2   6   4   7   
59   Etu59   0   1   3   8   6   4   7   5   2   
60   Etu60   0   6   7   2   1   4   5   8   3   
61   Etu61   5   7   4   0   8   2   1   6   3   
62   Etu62   1   8   5   4   0   6   3   7   2   
63   Etu63   8   0   1   6   2   5   4   7   3   
64   Etu64   8   0   5   2   4   3   1   7   6   
65   Etu65   4   8   5   3   0   7   1   6   2   
66   Etu66   4   2   3   1   5   6   7   8   0   
67   Etu67   3   5   6   0   1   4   7   2   8   
68   Etu68   5   8   1   2   0   6   7   4   3   
69   Etu69   5   0   7   3   6   2   8   1   4   
70   Etu70   0   4   6   2   5   3   1   8   7   
71   Etu71   5   6   0   8   1   3   4   2   7   
72   Etu72   7   5   4   6   2   8   0   3   1   
73   Etu73   4   8   0   3   1   5   7   2   6   
74   Etu74   5   2   8   0   4   1   6   7   3   
75   Etu75   2   5   8   6   4   0   1   7   3   
76   Etu76   3   0   6   7   8   2   4   5   1   
77   Etu77   2   0   7   3   8   6   1   4   5   
78   Etu78   2   4   0   8   3   6   5   1   7   
79   Etu79   7   8   5   6   1   4   0   2   3   
80   Etu80   6   3   0   1   4   5   7   2   8   
81   Etu81   3   7   0   6   8   4   5   1   2   
82   Etu82   4   2   8   6   7   5   1   0   3   
83   Etu83   7   2   5   4   6   3   8   1   0   
84   Etu84   5   3   2   7   0   6   4   8   1   
85   Etu85   7   5   3   8   2   0   4   6   1   
86   Etu86   2   4   1   6   7   3   5   0   8   
87   Etu87   0   8   7   4   5   6   1   3   2   
88   Etu88   4   5   6   1   3   2   8   0   7   
89   Etu89   6   0   3   8   5   4   7   1   2   
90   Etu90   5   8   0   1   7   4   2   3   6   
91   Etu91   3   5   7   0   4   1   6   2   8   
92   Etu92   3   7   6   4   2   1   8   0   5   
93   Etu93   7   6   3   8   0   4   1   5   2   
94   Etu94   7   3   4   6   8   5   2   1   0   
95   Etu95   0   5   8   2   7   3   4   1   6   
96   Etu96   2   6   0   3   8   5   4   1   7   
97   Etu97   7   8   5   6   3   0   1   2   4   
98   Etu98   2   5   6   0   4   3   1   8   7   
99   Etu99   4   5   8   6   2   1   3   7   0   
100   Etu100   0   5   1   2   4   7   3   6   8   
101   Etu101   2   4   7   8   1   0   6   3   5   
102   Etu102   7   1   4   3   8   2   6   5   0   
103   Etu103   6   8   1   4   5   2   7   3   0   
104   Etu104   5   0   7   4   1   8   3   2   6   
105   Etu105   7   4   2   5   0   8   1   3   6   
106   Etu106   3   4   0   7   6   2   8   1   5   
107   Etu107   2   8   5   4   6   7   3   1   0   
108   Etu108   5   7   8   3   2   1   4   0   6   
109   Etu109   2   1   4   8   7   3   6   5   0   
110   Etu110   0   6   5   2   3   4   8   1   7   
111   Etu111   5   1   0   4   2   7   8   6   3   
112   Etu112   7   2   0   1   8   3   4   5   6   
113   Etu113   1   7   4   8   3   2   6   5   0   
114   Etu114   4   6   7   8   1   5   2   3   0   
115   Etu115   3   6   0   7   1   5   4   2   8   
116   Etu116   1   6   2   8   5   3   0   4   7   
117   Etu117   8   0   3   2   6   5   7   1   4   
118   Etu118   2   4   7   6   5   1   8   0   3   
119   Etu119   8   2   0   1   4   6   5   3   7   
120   Etu120   7   6   0   5   2   3   1   4   8   
121   Etu121   6   4   3   7   0   2   5   1   8   
122   Etu122   6   5   0   4   7   3   8   2   1   
123   Etu123   8   3   7   4   2   0   6   5   1   
124   Etu124   0   5   2   8   1   6   3   7   4   
125   Etu125   2   7   8   3   0   6   1   4   5   
126   Etu126   3   2   4   0   7   6   5   1   8   
127   Etu127   8   7   5   0   3   2   1   6   4   
128   Etu128   4   3   2   5   8   7   0   1   6   
129   Etu129   2   5   0   7   8   1   3   6   4   
130   Etu130   8   3   1   5   2   4   7   0   6   
131   Etu131   1   4   6   0   2   3   8   5   7   
132   Etu132   1   5   8   4   0   7   2   6   3   
133   Etu133   2   3   8   5   1   7   6   4   0   
134   Etu134   2   4   1   5   0   8   7   6   3   
135   Etu135   6   1   4   3   8   5   0   2   7   
136   Etu136   7   8   3   2   4   6   0   5   1   
137   Etu137   1   5   6   3   8   4   2   7   0   
138   Etu138   6   5   7   3   8   1   2   4   0   
139   Etu139   1   5   0   2   6   8   4   7   3   
140   Etu140   4   7   3   2   6   5   1   0   8   
141   Etu141   0   4   6   1   2   7   3   5   8   
142   Etu142   8   3   7   0   1   6   2   5   4   
143   Etu143   5   0   4   7   1   6   3   2   8   
144   Etu144   0   5   3   4   6   1   2   7   8   
145   Etu145   8   0   2   3   5   7   1   6   4   
146   Etu146   7   5   2   6   4   3   1   0   8   
147   Etu147   8   1   2   7   4   0   5   3   6   
148   Etu148   7   3   2   8   0   6   4   5   1   
149   Etu149   2   7   4   8   6   0   3   5   1   
150   Etu150   6   7   2   8   0   5   4   3   1   
151   Etu151   5   3   0   8   7   4   1   6   2   
152   Etu152   0   1   6   2   8   3   5   7   4   
153   Etu153   6   7   5   8   4   3   0   2   1   
154   Etu154   8   0   6   5   2   7   4   1   3   
155   Etu155   7   8   1   6   3   0   5   4   2   
156   Etu156   8   1   4   2   0   5   6   7   3   
157   Etu157   2   5   4   0   3   6   7   8   1   
158   Etu158   5   8   4   3   7   1   2   6   0   
159   Etu159   7   6   2   5   3   0   8   4   1   
160   Etu160   0   3   2   6   8   4   1   7   5   
161   Etu161   5   8   1   3   2   4   7   0   6   
162   Etu162   2   6   7   4   3   8   0   5   1   
163   Etu163   6   8   7   4   1   2   5   3   0   
164   Etu164   1   6   8   2   4   3   5   7   0   
165   Etu165   4   1   3   5   8   7   6   0   2   
166   Etu166   7   3   0   8   1   2   6   5   4   
167   Etu167   0   4   5   3   6   8   1   2   7   
168   Etu168   7   1   6   0   5   2   3   8   4   
169   Etu169   2   4   7   5   6   3   0   1   8   
170   Etu170   4   7   5   3   8   1   2   6   0   
171   Etu171   8   5   3   2   6   7   1   4   0   
172   Etu172   5   7   1   6   3   4   8   0   2   
173   Etu173   3   4   6   2   8   5   7   0   1   
174   Etu174   6   3   4   2   7   1   8   0   5   
175   Etu175   2   8   5   0   7   1   6   4   3   
176   Etu176   6   5   2   3   0   8   4   1   7   
177   Etu177   4   7   0   6   2   8   3   5   1   
178   Etu178   2   7   8   5   3   0   1   6   4   
179   Etu179   4   2   8   7   1   3   6   0   5   
180   Etu180   7   5   3   4   8   0   6   1   2   
181   Etu181   7   8   5   6   4   2   3   0   1   
182   Etu182   3   0   6   7   2   4   1   5   8   
183   Etu183   4   5   8   0   6   7   3   2   1   
184   Etu184   7   3   5   0   2   4   1   8   6   
185   Etu185   1   7   5   4   8   0   3   6   2   
186   Etu186   0   6   2   8   7   5   1   3   4   
187   Etu187   1   5   4   8   3   0   2   6   7   
188   Etu188   7   8   1   4   0   5   2   6   3   
189   Etu189   7   2   0   8   1   4   6   5   3   
190   Etu190   5   2   8   6   1   3   7   4   0   
191   Etu191   3   5   2   1   4   8   6   0   7   
192   Etu192   7   3   8   5   1   2   6   4   0   
193   Etu193   5   3   1   6   8   2   0   7   4   
194   Etu194   0   8   6   1   3   7   5   4   2   
195   Etu195   2   5   0   7   6   3   8   1   4   
196   Etu196   4   2   8   3   0   7   6   1   5   
197   Etu197   1   3   8   2   5   0   6   4   7   
198   Etu198   3   2   4   8   6   5   7   1   0   
199   Etu199   7   0   2   5   4   6   8   3   1   
